0.0e+0 1.4877437225688572e-1
1.3908205841446453e-3 1.5984928478442995e-1
2.7816411682892906e-3 1.7092419731197417e-1
4.172461752433936e-3 1.8199910983951811e-1
5.563282336578581e-3 1.9307402236706228e-1
6.954102920723227e-3 2.041489348946065e-1
8.344923504867872e-3 2.1522384742215017e-1
9.735744089012517e-3 2.262987599496944e-1
1.1126564673157162e-2 2.373736724772384e-1
1.2517385257301807e-2 2.4844858500478223e-1
1.3908205841446454e-2 2.5952349753232656e-1
1.5299026425591099e-2 2.705984100598705e-1
1.6689847009735744e-2 2.8167332258741484e-1
1.808066759388039e-2 2.9274823511495884e-1
1.9471488178025034e-2 3.0382314764250273e-1
2.086230876216968e-2 3.148980601700471e-1
2.2253129346314324e-2 3.260124868906673e-1
2.364394993045897e-2 3.3728120025457065e-1
2.5034770514603615e-2 3.4854991361847376e-1
2.642559109874826e-2 3.598186269823769e-1
2.7816411682892908e-2 3.710873403462802e-1
2.920723226703755e-2 3.823560537101832e-1
3.0598052851182198e-2 3.93624767074087e-1
3.1988873435326845e-2 4.074676907751512e-1
3.337969401947149e-2 4.218827120832783e-1
3.477051460361613e-2 4.362977333914053e-1
3.616133518776078e-2 4.507127546995323e-1
3.7552155771905425e-2 4.655750558897508e-1
3.894297635605007e-2 4.804578208400536e-1
4.033379694019471e-2 4.953405857903571e-1
4.172461752433936e-2 5.102554456892444e-1
4.3115438108484005e-2 5.264330929137928e-1
4.450625869262865e-2 5.44516301776955e-1
4.58970792767733e-2 5.625995106401164e-1
4.728789986091794e-2 5.80682719503278e-1
4.8678720445062586e-2 5.987659283664389e-1
5.006954102920723e-2 6.168491372296011e-1
5.146036161335188e-2 6.345862081740244e-1
5.285118219749652e-2 6.502111407532032e-1
5.4242002781641166e-2 6.660837400508506e-1
5.5632823365785816e-2 6.833514351264202e-1
5.702364394993046e-2 6.989012756467976e-1
5.84144645340751e-2 7.11105819263055e-1
5.9805285118219746e-2 7.230544168904908e-1
6.1196105702364396e-2 7.342656208029689e-1
6.258692628650904e-2 7.454768247154465e-1
6.397774687065369e-2 7.566880286279243e-1
6.536856745479833e-2 7.678992325404022e-1
6.675938803894298e-2 7.791104364528799e-1
6.815020862308763e-2 7.903216403653575e-1
6.954102920723226e-2 8.015328442778358e-1
7.093184979137691e-2 8.127440481903133e-1
7.232267037552156e-2 8.23955252102791e-1
7.37134909596662e-2 8.351664560152688e-1
7.510431154381085e-2 8.463776599277465e-1
7.649513212795549e-2 8.575888638402241e-1
7.788595271210014e-2 8.68800067752702e-1
7.927677329624479e-2 8.778436144475678e-1
8.066759388038942e-2 8.859230094855203e-1
8.205841446453407e-2 8.940024045234726e-1
8.344923504867872e-2 9.029925695875362e-1
8.484005563282336e-2 9.120575389225484e-1
8.623087621696801e-2 9.21122508257561e-1
8.762169680111266e-2 9.301874775925733e-1
8.90125173852573e-2 9.387002704366173e-1
9.040333796940195e-2 9.466233802787513e-1
9.17941585535466e-2 9.545464901208852e-1
9.318497913769123e-2 9.624695999630196e-1
9.457579972183588e-2 9.703927098051536e-1
9.596662030598054e-2 9.783158196472875e-1
9.735744089012517e-2 9.862389294894217e-1
9.874826147426982e-2 9.942950192976828e-1
1.0013908205841446e-1 1.000622666368486e+0
1.0152990264255911e-1 1.0069503134392876e+0
1.0292072322670376e-1 1.0132779605100888e+0
1.043115438108484e-1 1.0196056075808917e+0
1.0570236439499305e-1 1.0259332546516937e+0
1.070931849791377e-1 1.0322609017224957e+0
1.0848400556328233e-1 1.0385885487932973e+0
1.0987482614742698e-1 1.0396633888004145e+0
1.1126564673157163e-1 1.0384516947415703e+0
1.1265646731571627e-1 1.036567512221616e+0
1.1404728789986092e-1 1.0346833297016604e+0
1.1543810848400557e-1 1.0327991471817057e+0
1.168289290681502e-1 1.0309149646617501e+0
1.1821974965229486e-1 1.029030782141795e+0
1.1961057023643949e-1 1.0271465996218403e+0
1.2100139082058414e-1 1.0252624171018851e+0
1.2239221140472879e-1 1.02337823458193e+0
1.2378303198887343e-1 1.0214940520619749e+0
1.2517385257301808e-1 1.0196098695420197e+0
1.2656467315716272e-1 1.017725687022065e+0
1.2795549374130738e-1 1.0158415045021099e+0
1.2934631432545202e-1 1.0139573219821552e+0
1.3073713490959665e-1 1.0120731394622e+0
1.3212795549374132e-1 1.0101889569422449e+0
1.3351877607788595e-1 1.0083047744222897e+0
1.349095966620306e-1 1.0064205919023346e+0
1.3630041724617525e-1 1.004536409382379e+0
1.376912378303199e-1 1.0026522268624247e+0
1.3908205841446453e-1 1.0007680443424696e+0
1.404728789986092e-1 9.988838618225143e-1
1.4186369958275383e-1 9.969996793025594e-1
1.4325452016689846e-1 9.951154967826042e-1
1.4464534075104313e-1 9.932313142626495e-1
1.4603616133518776e-1 9.913471317426944e-1
1.474269819193324e-1 9.894629492227393e-1
1.4881780250347706e-1 9.875787667027839e-1
1.502086230876217e-1 9.856945841828287e-1
1.5159944367176634e-1 9.838104016628738e-1
1.5299026425591097e-1 9.823351727592137e-1
1.5438108484005564e-1 9.811806092037733e-1
1.5577190542420027e-1 9.800260456483335e-1
1.571627260083449e-1 9.788796811668309e-1
1.5855354659248957e-1 9.777470737029114e-1
1.599443671766342e-1 9.766144662389923e-1
1.6133518776077885e-1 9.754818587750732e-1
1.627260083449235e-1 9.733608544250253e-1
1.6411682892906815e-1 9.711259954325219e-1
1.6550764951321278e-1 9.688911364400191e-1
1.6689847009735745e-1 9.665587361619609e-1
1.6828929068150209e-1 9.641866812042149e-1
1.6968011126564672e-1 9.618146262464707e-1
1.7107093184979139e-1 9.594425712887246e-1
1.7246175243393602e-1 9.570705163309791e-1
1.7385257301808066e-1 9.546984613732342e-1
1.7524339360222532e-1 9.519159551834867e-1
1.7663421418636996e-1 9.446986956461859e-1
1.780250347705146e-1 9.324871135809057e-1
1.7941585535465926e-1 9.202755315156247e-1
1.808066759388039e-1 9.080639494503439e-1
1.8219749652294853e-1 8.958523673850635e-1
1.835883171070932e-1 8.836407853197822e-1
1.8497913769123783e-1 8.685020763886376e-1
1.8636995827538247e-1 8.514761319173482e-1
1.8776077885952713e-1 8.344501874460567e-1
1.8915159944367177e-1 8.174242429747661e-1
1.905424200278164e-1 8.003982985034755e-1
1.9193324061196107e-1 7.833723540321845e-1
1.933240611961057e-1 7.663464095608943e-1
1.9471488178025034e-1 7.493204650896041e-1
1.9610570236439498e-1 7.322945206183138e-1
1.9749652294853964e-1 7.152685761470229e-1
1.9888734353268428e-1 6.982426316757326e-1
2.0027816411682892e-1 6.812166872044422e-1
2.0166898470097358e-1 6.641907427331513e-1
2.0305980528511822e-1 6.471647982618606e-1
2.0445062586926285e-1 6.303168435486441e-1
2.0584144645340752e-1 6.135204483392437e-1
2.0723226703755215e-1 5.967240531298428e-1
2.086230876216968e-1 5.799276579204422e-1
2.1001390820584145e-1 5.631312627110416e-1
2.114047287899861e-1 5.463530201780469e-1
2.1279554937413073e-1 5.296303330512835e-1
2.141863699582754e-1 5.129076459245193e-1
2.1557719054242003e-1 4.961849587977547e-1
2.1696801112656466e-1 4.794622716709913e-1
2.1835883171070933e-1 4.6273958454422703e-1
2.1974965229485396e-1 4.4616071525395873e-1
2.211404728789986e-1 4.2989178090669766e-1
2.2253129346314326e-1 4.136228465594364e-1
2.239221140472879e-1 3.973539122121751e-1
2.2531293463143254e-1 3.8108497786491424e-1
2.267037552155772e-1 3.6481604351765273e-1
2.2809457579972184e-1 3.4854710917039144e-1
2.2948539638386647e-1 3.322781748231304e-1
2.3087621696801114e-1 3.160092404758694e-1
2.3226703755215578e-1 2.997403061286075e-1
2.336578581363004e-1 2.8347137178134674e-1
2.3504867872044508e-1 2.6720243743408534e-1
2.364394993045897e-1 2.509335030868247e-1
2.3783031988873435e-1 2.3476236220264796e-1
2.3922114047287898e-1 2.1864847501725204e-1
2.4061196105702365e-1 2.0253458783185607e-1
2.4200278164116829e-1 1.8642070064646005e-1
2.4339360222531292e-1 1.7030681346106408e-1
2.4478442280945759e-1 1.5419292627566766e-1
2.4617524339360222e-1 1.3807903909027214e-1
2.4756606397774686e-1 1.2196515190487583e-1
2.4895688456189152e-1 1.0585126471947948e-1
2.5034770514603616e-1 8.973737753408373e-2
2.517385257301808e-1 7.362349034868798e-2
2.5312934631432543e-1 5.750960316329201e-2
2.545201668984701e-1 4.1395715977895264e-2
2.5591098748261476e-1 2.5281828792499378e-2
2.573018080667594e-1 9.167941607103325e-3
2.5869262865090403e-1 -6.945945578292756e-3
2.6008344923504867e-1 -2.305983276368867e-2
2.614742698191933e-1 -3.917371994908406e-2
2.6286509040333794e-1 -5.528760713448025e-2
2.6425591098748263e-1 -7.076040917585667e-2
2.6564673157162727e-1 -8.568022173969736e-2
2.670375521557719e-1 -1.0060003430353742e-1
2.6842837273991654e-1 -1.1551984686737772e-1
2.698191933240612e-1 -1.3027462427041944e-1
2.712100139082058e-1 -1.450230621249174e-1
2.726008344923505e-1 -1.5977149997941648e-1
2.7399165507649514e-1 -1.7525374583074854e-1
2.753824756606398e-1 -1.9225726191504272e-1
2.767732962447844e-1 -2.092607779993365e-1
2.7816411682892905e-1 -2.2626429408363102e-1
2.795549374130737e-1 -2.4326781016792504e-1
2.809457579972184e-1 -2.602713262522205e-1
2.82336578581363e-1 -2.7727484233651434e-1
2.8372739916550765e-1 -2.942783584208086e-1
2.851182197496523e-1 -3.112818745051025e-1
2.865090403337969e-1 -3.282853905893969e-1
2.8789986091794156e-1 -3.452889066736904e-1
2.8929068150208626e-1 -3.6229242275798523e-1
2.906815020862309e-1 -3.7929593884227986e-1
2.9207232267037553e-1 -3.962994549265735e-1
2.9346314325452016e-1 -4.1330297101086755e-1
2.948539638386648e-1 -4.3030648709516256e-1
2.9624478442280944e-1 -4.473100031794566e-1
2.9763560500695413e-1 -4.6431351926375175e-1
2.9902642559109877e-1 -4.813170353480449e-1
3.004172461752434e-1 -4.983205514323393e-1
3.0180806675938804e-1 -5.123441036118721e-1
3.031988873435327e-1 -5.232712837621707e-1
3.045897079276773e-1 -5.341984639124691e-1
3.0598052851182195e-1 -5.451256440627675e-1
3.0737134909596664e-1 -5.560528242130669e-1
3.087621696801113e-1 -5.669800043633659e-1
3.101529902642559e-1 -5.77907184513664e-1
3.1154381084840055e-1 -5.88834364663963e-1
3.129346314325452e-1 -5.997082250116812e-1
3.143254520166898e-1 -6.100469989072808e-1
3.157162726008345e-1 -6.185160190850519e-1
3.1710709318497915e-1 -6.263662479763686e-1
3.184979137691238e-1 -6.342164768676855e-1
3.198887343532684e-1 -6.420667057590024e-1
3.2127955493741306e-1 -6.499169346503182e-1
3.226703755215577e-1 -6.57767163541635e-1
3.240611961057024e-1 -6.656173924329519e-1
3.25452016689847e-1 -6.73467621324269e-1
3.2684283727399166e-1 -6.813178502155856e-1
3.282336578581363e-1 -6.891680791069014e-1
3.2962447844228093e-1 -6.970183079982186e-1
3.3101529902642557e-1 -7.048685368895352e-1
3.3240611961057026e-1 -7.127187657808521e-1
3.337969401947149e-1 -7.205689946721688e-1
3.3518776077885953e-1 -7.284192235634855e-1
3.3657858136300417e-1 -7.36269452454802e-1
3.379694019471488e-1 -7.441196813461185e-1
3.3936022253129344e-1 -7.519699102374348e-1
3.4075104311543813e-1 -7.598201391287517e-1
3.4214186369958277e-1 -7.676703680200687e-1
3.435326842837274e-1 -7.755205969113849e-1
3.4492350486787204e-1 -7.833708258027016e-1
3.463143254520167e-1 -7.912210546940182e-1
3.477051460361613e-1 -7.990712835853346e-1
3.4909596662030595e-1 -8.069215124766517e-1
3.5048678720445064e-1 -8.147717413679686e-1
3.518776077885953e-1 -8.226219702592847e-1
3.532684283727399e-1 -8.30472199150602e-1
3.5465924895688455e-1 -8.383224280419181e-1
3.560500695410292e-1 -8.461726569332348e-1
3.574408901251738e-1 -8.540228858245518e-1
3.588317107093185e-1 -8.618731147158681e-1
3.6022253129346316e-1 -8.69723343607185e-1
3.616133518776078e-1 -8.775735724985018e-1
3.6300417246175243e-1 -8.85423801389818e-1
3.6439499304589706e-1 -8.932740302811348e-1
3.657858136300417e-1 -8.982748891095612e-1
3.671766342141864e-1 -8.980559143314314e-1
3.6856745479833103e-1 -8.978369395533016e-1
3.6995827538247567e-1 -8.976179647751722e-1
3.713490959666203e-1 -8.973989899970413e-1
3.7273991655076494e-1 -8.97180015218911e-1
3.741307371349096e-1 -8.969610404407816e-1
3.7552155771905427e-1 -8.967420656626518e-1
3.769123783031989e-1 -8.965230908845218e-1
3.7830319888734354e-1 -8.963041161063915e-1
3.796940194714882e-1 -8.960851413282617e-1
3.810848400556328e-1 -8.958661665501316e-1
3.8247566063977745e-1 -8.956471917720015e-1
3.8386648122392214e-1 -8.954282169938715e-1
3.852573018080668e-1 -8.952092422157417e-1
3.866481223922114e-1 -8.949902674376119e-1
3.8803894297635605e-1 -8.943692424309498e-1
3.894297635605007e-1 -8.919407186507171e-1
3.908205841446453e-1 -8.895121948704846e-1
3.9221140472878996e-1 -8.870836710902515e-1
3.9360222531293465e-1 -8.846551473100185e-1
3.949930458970793e-1 -8.822266235297854e-1
3.963838664812239e-1 -8.777925826553233e-1
3.9777468706536856e-1 -8.732440631536935e-1
3.991655076495132e-1 -8.686955436520624e-1
4.0055632823365783e-1 -8.641470241504324e-1
4.019471488178025e-1 -8.595985046488018e-1
4.0333796940194716e-1 -8.517752258256259e-1
4.047287899860918e-1 -8.415189636105663e-1
4.0611961057023643e-1 -8.312627013955075e-1
4.0751043115438107e-1 -8.210064391804481e-1
4.089012517385257e-1 -8.107501769653896e-1
4.102920723226704e-1 -8.004939147503302e-1
4.1168289290681503e-1 -7.902376525352715e-1
4.1307371349095967e-1 -7.799813903202115e-1
4.144645340751043e-1 -7.697251281051526e-1
4.1585535465924894e-1 -7.594688658900942e-1
4.172461752433936e-1 -7.492126036750345e-1
4.1863699582753827e-1 -7.389563414599752e-1
4.200278164116829e-1 -7.28700079244916e-1
4.2141863699582754e-1 -7.184438170298572e-1
4.228094575799722e-1 -7.081875548147983e-1
4.242002781641168e-1 -6.979312925997389e-1
4.2559109874826145e-1 -6.876750303846803e-1
4.2698191933240615e-1 -6.77418768169621e-1
4.283727399165508e-1 -6.671625059545621e-1
4.297635605006954e-1 -6.569062437395029e-1
4.3115438108484005e-1 -6.466499815244438e-1
4.325452016689847e-1 -6.363937193093847e-1
4.339360222531293e-1 -6.253180771837212e-1
4.3532684283727396e-1 -6.134343199792098e-1
4.3671766342141866e-1 -6.015505627746985e-1
4.381084840055633e-1 -5.896668055701872e-1
4.3949930458970793e-1 -5.77783048365677e-1
4.4089012517385257e-1 -5.658992911611649e-1
4.422809457579972e-1 -5.540155339566541e-1
4.4367176634214184e-1 -5.421317767521434e-1
4.4506258692628653e-1 -5.302480195476316e-1
4.4645340751043117e-1 -5.183642623431204e-1
4.478442280945758e-1 -5.064805051386093e-1
4.4923504867872044e-1 -4.94596747934098e-1
4.506258692628651e-1 -4.827129907295878e-1
4.520166898470097e-1 -4.666231732702077e-1
4.534075104311544e-1 -4.491958501843758e-1
4.5479833101529904e-1 -4.3176852709854513e-1
4.561891515994437e-1 -4.1434120401271424e-1
4.575799721835883e-1 -3.969138809268838e-1
4.5897079276773295e-1 -3.7948655784105223e-1
4.603616133518776e-1 -3.620592347552211e-1
4.617524339360223e-1 -3.4463191166939017e-1
4.631432545201669e-1 -3.2720458858355944e-1
4.6453407510431155e-1 -3.097772654977286e-1
4.659248956884562e-1 -2.923499424118974e-1
4.673157162726008e-1 -2.7492261932606654e-1
4.6870653685674546e-1 -2.574952962402356e-1
4.7009735744089015e-1 -2.4006797315440453e-1
4.714881780250348e-1 -2.2264065006857364e-1
4.728789986091794e-1 -2.0521332698274275e-1
4.7426981919332406e-1 -1.877860038969123e-1
4.756606397774687e-1 -1.7035868081108146e-1
4.7705146036161333e-1 -1.5293135772525057e-1
4.7844228094575797e-1 -1.355040346394189e-1
4.7983310152990266e-1 -1.1807671155358829e-1
4.812239221140473e-1 -1.0064938846775734e-1
4.8261474269819193e-1 -8.322206538192622e-2
4.8400556328233657e-1 -6.579474229609489e-2
4.853963838664812e-1 -4.836741921026466e-2
4.8678720445062584e-1 -3.0940096124433825e-2
4.8817802503477054e-1 -1.3512773038601572e-2
4.8956884561891517e-1 3.914550047229182e-3
4.909596662030598e-1 2.1341873133059797e-2
4.9235048678720444e-1 3.8769196218890384e-2
4.937413073713491e-1 5.619651930472147e-2
4.951321279554937e-1 7.362384239055209e-2
4.965229485396384e-1 9.10511654763837e-2
4.9791376912378305e-1 1.062609133695745e-1
4.993045897079277e-1 1.2117573286899874e-1
5.006954102920723e-1 1.360905523684236e-1
5.02086230876217e-1 1.5100537186784835e-1
5.034770514603616e-1 1.659201913672726e-1
5.048678720445062e-1 1.8083501086669707e-1
5.062586926286509e-1 1.9574983036612192e-1
5.076495132127955e-1 2.1066464986554628e-1
5.090403337969402e-1 2.2557946936497225e-1
5.104311543810849e-1 2.4049428886439617e-1
5.118219749652295e-1 2.554091083638208e-1
5.132127955493742e-1 2.703239278632459e-1
5.146036161335188e-1 2.8523874736267013e-1
5.159944367176634e-1 3.0015356686209416e-1
5.173852573018081e-1 3.150683863615187e-1
5.187760778859527e-1 3.29983205860943e-1
5.201668984700973e-1 3.448980253603682e-1
5.21557719054242e-1 3.5981284485979226e-1
5.229485396383866e-1 3.7472766435921645e-1
5.243393602225312e-1 3.896424838586413e-1
5.257301808066759e-1 4.045573033580657e-1
5.271210013908206e-1 4.1947212285749147e-1
5.285118219749653e-1 4.343869423569159e-1
5.299026425591099e-1 4.493017618563403e-1
5.312934631432545e-1 4.6421658135576527e-1
5.326842837273992e-1 4.7913140085518924e-1
5.340751043115438e-1 4.9404622035461376e-1
5.354659248956884e-1 5.089610398540382e-1
5.368567454798331e-1 5.238758593534629e-1
5.382475660639777e-1 5.387906788528872e-1
5.396383866481224e-1 5.537054983523123e-1
5.41029207232267e-1 5.686203178517363e-1
5.424200278164116e-1 5.83535137351161e-1
5.438108484005564e-1 5.984499568505868e-1
5.45201668984701e-1 6.133647763500115e-1
5.465924895688457e-1 6.282795958494358e-1
5.479833101529903e-1 6.431944153488603e-1
5.493741307371349e-1 6.581092348482852e-1
5.507649513212796e-1 6.730406645085708e-1
5.521557719054242e-1 6.879896499331796e-1
5.535465924895688e-1 7.029386353577881e-1
5.549374130737135e-1 7.178876207823969e-1
5.563282336578581e-1 7.32836606207006e-1
5.577190542420027e-1 7.477855916316148e-1
5.591098748261474e-1 7.627345770562234e-1
5.605006954102921e-1 7.776835624808337e-1
5.618915159944368e-1 7.926325479054425e-1
5.632823365785814e-1 8.075815333300517e-1
5.64673157162726e-1 8.225305187546609e-1
5.660639777468707e-1 8.374795041792694e-1
5.674547983310153e-1 8.524284896038784e-1
5.6884561891516e-1 8.673774750284876e-1
5.702364394993046e-1 8.823264604530968e-1
5.716272600834492e-1 8.972754458777051e-1
5.730180806675939e-1 9.122244313023141e-1
5.744089012517385e-1 9.271734167269231e-1
5.757997218358831e-1 9.421224021515319e-1
5.771905424200278e-1 9.570713875761409e-1
5.785813630041725e-1 9.720203730007514e-1
5.799721835883171e-1 9.869693584253595e-1
5.813630041724618e-1 1.0019183438499684e+0
5.827538247566064e-1 1.0168673292745773e+0
5.841446453407511e-1 1.0318163146991868e+0
5.855354659248957e-1 1.0467653001237953e+0
5.869262865090403e-1 1.0617142855484043e+0
5.88317107093185e-1 1.0766632709730137e+0
5.897079276773296e-1 1.0916122563976227e+0
5.910987482614742e-1 1.1065612418222308e+0
5.924895688456189e-1 1.1215102272468398e+0
5.938803894297635e-1 1.1364592126714483e+0
5.952712100139083e-1 1.1514081980960587e+0
5.966620305980529e-1 1.166357183520668e+0
5.980528511821975e-1 1.1813061689452766e+0
5.994436717663422e-1 1.1962551543698856e+0
6.008344923504868e-1 1.2029946282611017e+0
6.022253129346314e-1 1.1997487063950198e+0
6.036161335187761e-1 1.196502784528938e+0
6.050069541029207e-1 1.1932568626628561e+0
6.063977746870653e-1 1.1900109407967743e+0
6.0778859527121e-1 1.1867650189306924e+0
6.091794158553546e-1 1.1835190970646101e+0
6.105702364394993e-1 1.1802731751985283e+0
6.119610570236439e-1 1.177027253332446e+0
6.133518776077886e-1 1.1737813314663645e+0
6.147426981919333e-1 1.1705354096002822e+0
6.161335187760779e-1 1.1672894877342004e+0
6.175243393602226e-1 1.164043565868119e+0
6.189151599443672e-1 1.1607976440020362e+0
6.203059805285118e-1 1.1575517221359544e+0
6.216968011126565e-1 1.154305800269873e+0
6.230876216968011e-1 1.1510598784037906e+0
6.244784422809457e-1 1.1478139565377092e+0
6.258692628650904e-1 1.1445680346716265e+0
6.27260083449235e-1 1.1413221128055446e+0
6.286509040333796e-1 1.1380761909394632e+0
6.300417246175244e-1 1.134830269073381e+0
6.31432545201669e-1 1.1315843472072986e+0
6.328233657858137e-1 1.1283384253412168e+0
6.342141863699583e-1 1.125092503475135e+0
6.356050069541029e-1 1.121846581609053e+0
6.369958275382476e-1 1.1186006597429712e+0
6.383866481223922e-1 1.1153547378768893e+0
6.397774687065368e-1 1.112108816010807e+0
6.411682892906815e-1 1.1088628941447256e+0
6.425591098748261e-1 1.1056169722786433e+0
6.439499304589708e-1 1.1023710504125614e+0
6.453407510431154e-1 1.0991251285464791e+0
6.467315716272601e-1 1.0958792066803973e+0
6.481223922114048e-1 1.091814799894359e+0
6.495132127955494e-1 1.0860375509454268e+0
6.50904033379694e-1 1.0782373636951164e+0
6.522948539638387e-1 1.0704371764448064e+0
6.536856745479833e-1 1.0622309556773097e+0
6.55076495132128e-1 1.0538383670378328e+0
6.564673157162726e-1 1.0454457783983573e+0
6.578581363004172e-1 1.0370531897588813e+0
6.592489568845619e-1 1.0286606011194048e+0
6.606397774687065e-1 1.0202680124799284e+0
6.620305980528511e-1 1.0089965247253834e+0
6.634214186369958e-1 9.97160643461625e-1
6.648122392211405e-1 9.853247621978668e-1
6.662030598052852e-1 9.723005410785951e-1
6.675938803894298e-1 9.592412194573597e-1
6.689847009735744e-1 9.461818978361237e-1
6.703755215577191e-1 9.331225762148879e-1
6.717663421418637e-1 9.200632545936519e-1
6.731571627260083e-1 9.070039329724157e-1
6.74547983310153e-1 8.939446113511803e-1
6.759388038942976e-1 8.808852897299447e-1
6.773296244784422e-1 8.678259681087078e-1
6.787204450625869e-1 8.547666464874725e-1
6.801112656467315e-1 8.417073248662367e-1
6.815020862308763e-1 8.286480032449998e-1
6.828929068150209e-1 8.15588681623764e-1
6.842837273991655e-1 8.025293600025275e-1
6.856745479833102e-1 7.894700383812917e-1
6.870653685674548e-1 7.764107167600559e-1
6.884561891515995e-1 7.633513951388203e-1
6.898470097357441e-1 7.502920735175843e-1
6.912378303198887e-1 7.372327518963485e-1
6.926286509040334e-1 7.241734302751125e-1
6.94019471488178e-1 7.111141086538768e-1
6.954102920723226e-1 6.980547870326402e-1
6.968011126564673e-1 6.849954654114048e-1
6.981919332406119e-1 6.719361437901686e-1
6.995827538247567e-1 6.588768221689326e-1
7.009735744089013e-1 6.458175005476964e-1
7.023643949930459e-1 6.327581789264601e-1
7.037552155771906e-1 6.196988573052243e-1
7.051460361613352e-1 6.066395356839883e-1
7.065368567454798e-1 5.93580214062753e-1
7.079276773296245e-1 5.805208924415163e-1
7.093184979137691e-1 5.674615708202806e-1
7.107093184979137e-1 5.54402249199045e-1
7.121001390820584e-1 5.413429275778092e-1
7.13490959666203e-1 5.282836059565732e-1
7.148817802503477e-1 5.152242843353374e-1
7.162726008344924e-1 5.021649627141003e-1
7.17663421418637e-1 4.8910564109286425e-1
7.190542420027817e-1 4.7604631947162845e-1
7.204450625869263e-1 4.6298699785039243e-1
7.21835883171071e-1 4.499276762291565e-1
7.232267037552156e-1 4.3686835460792106e-1
7.246175243393602e-1 4.2380903298668504e-1
7.260083449235049e-1 4.1074971136544913e-1
7.273991655076495e-1 3.976903897442129e-1
7.287899860917941e-1 3.8463106812297754e-1
7.301808066759388e-1 3.715717465017411e-1
7.315716272600834e-1 3.585124248805056e-1
7.329624478442281e-1 3.454184202614322e-1
7.343532684283728e-1 3.32026553422761e-1
7.357440890125174e-1 3.186346865840892e-1
7.371349095966621e-1 3.0524281974541756e-1
7.385257301808067e-1 2.918509529067461e-1
7.399165507649513e-1 2.784590860680744e-1
7.41307371349096e-1 2.650672192294029e-1
7.426981919332406e-1 2.516753523907306e-1
7.440890125173852e-1 2.3828348555205925e-1
7.454798331015299e-1 2.248916187133873e-1
7.468706536856745e-1 2.1149975187471576e-1
7.482614742698191e-1 1.9810788503604415e-1
7.496522948539638e-1 1.8471601819737238e-1
7.510431154381085e-1 1.7132415135869988e-1
7.524339360222532e-1 1.5793228452002805e-1
7.538247566063978e-1 1.4454041768135673e-1
7.552155771905424e-1 1.3105289302979928e-1
7.566063977746871e-1 1.1720870466611011e-1
7.579972183588317e-1 1.0336451630242177e-1
7.593880389429764e-1 8.952032793873288e-2
7.60778859527121e-1 7.567613957504354e-2
7.621696801112656e-1 6.1831951211355096e-2
7.635605006954103e-1 4.798776284766615e-2
7.649513212795549e-1 3.414357448397759e-2
7.663421418636995e-1 2.0299386120288365e-2
7.677329624478443e-1 6.45519775659803e-3
7.691237830319889e-1 -7.388990607090473e-3
7.705146036161336e-1 -2.12331789707792e-2
7.719054242002782e-1 -3.507736733446781e-2
7.732962447844228e-1 -4.8921555698156566e-2
7.746870653685675e-1 -6.276574406184632e-2
7.760778859527121e-1 -7.660993242553468e-2
7.774687065368567e-1 -9.04541207892236e-2
7.788595271210014e-1 -1.042983091529128e-1
7.80250347705146e-1 -1.1814249751660141e-1
7.816411682892906e-1 -1.319866858802902e-1
7.830319888734353e-1 -1.4583087424397895e-1
7.844228094575799e-1 -1.596750626076685e-1
7.858136300417247e-1 -1.734777913503856e-1
7.872044506258693e-1 -1.8723415149892902e-1
7.885952712100139e-1 -2.009905116474724e-1
7.899860917941586e-1 -2.1474687179601565e-1
7.913769123783032e-1 -2.285032319445591e-1
7.927677329624478e-1 -2.4225959209310266e-1
7.941585535465925e-1 -2.560159522416459e-1
7.955493741307371e-1 -2.697723123901893e-1
7.969401947148818e-1 -2.8352867253873304e-1
7.983310152990264e-1 -2.97285032687276e-1
7.99721835883171e-1 -3.1104139283581983e-1
8.011126564673157e-1 -3.247977529843629e-1
8.025034770514604e-1 -3.385541131329079e-1
8.03894297635605e-1 -3.523104732814516e-1
8.052851182197497e-1 -3.660668334299944e-1
8.066759388038943e-1 -3.79823193578538e-1
8.08066759388039e-1 -3.9357955372708175e-1
8.094575799721836e-1 -4.07335913875625e-1
8.108484005563282e-1 -4.210922740241685e-1
8.122392211404729e-1 -4.348486341727119e-1
8.136300417246175e-1 -4.4860499432125545e-1
8.150208623087621e-1 -4.6236135446979887e-1
8.164116828929068e-1 -4.76117714618342e-1
8.178025034770514e-1 -4.898740747668856e-1
8.191933240611962e-1 -5.036304349154299e-1
8.205841446453408e-1 -5.169582889319346e-1
8.219749652294854e-1 -5.294674348980601e-1
8.233657858136301e-1 -5.419765808641854e-1
8.247566063977747e-1 -5.544857268303107e-1
8.261474269819193e-1 -5.669948727964363e-1
8.27538247566064e-1 -5.795040187625612e-1
8.289290681502086e-1 -5.920131647286868e-1
8.303198887343533e-1 -6.045223106948123e-1
8.317107093184979e-1 -6.170314566609375e-1
8.331015299026425e-1 -6.295406026270629e-1
8.344923504867872e-1 -6.41213676588843e-1
8.358831710709318e-1 -6.504822589380588e-1
8.372739916550765e-1 -6.574687394283558e-1
8.386648122392212e-1 -6.629992437147101e-1
8.400556328233658e-1 -6.64916393978386e-1
8.414464534075105e-1 -6.668335442420619e-1
8.428372739916551e-1 -6.685761609849887e-1
8.442280945757997e-1 -6.69799345297484e-1
8.456189151599444e-1 -6.710225296099788e-1
8.47009735744089e-1 -6.702630893139787e-1
8.484005563282336e-1 -6.691904692400389e-1
8.497913769123783e-1 -6.670736508171025e-1
8.511821974965229e-1 -6.649568323941664e-1
8.525730180806675e-1 -6.620866906276728e-1
8.539638386648123e-1 -6.591353767188686e-1
8.553546592489569e-1 -6.561840628100648e-1
8.567454798331016e-1 -6.532327489012612e-1
8.581363004172462e-1 -6.502814349924572e-1
8.595271210013908e-1 -6.473301210836535e-1
8.609179415855355e-1 -6.4437880717485e-1
8.623087621696801e-1 -6.41427493266046e-1
8.636995827538247e-1 -6.384761793572422e-1
8.650904033379694e-1 -6.355248654484384e-1
8.66481223922114e-1 -6.325735515396347e-1
8.678720445062587e-1 -6.29622237630831e-1
8.692628650904033e-1 -6.26670923722027e-1
8.706536856745479e-1 -6.237196098132232e-1
8.720445062586927e-1 -6.207682959044193e-1
8.734353268428373e-1 -6.178169819956151e-1
8.74826147426982e-1 -6.148656680868115e-1
8.762169680111266e-1 -6.11914354178008e-1
8.776077885952712e-1 -6.08963040269204e-1
8.789986091794159e-1 -6.060117263604003e-1
8.803894297635605e-1 -6.030604124515966e-1
8.817802503477051e-1 -6.001090985427929e-1
8.831710709318498e-1 -5.97157784633989e-1
8.845618915159944e-1 -5.942064707251846e-1
8.85952712100139e-1 -5.912551568163814e-1
8.873435326842837e-1 -5.883038429075775e-1
8.887343532684284e-1 -5.853525289987732e-1
8.901251738525731e-1 -5.824012150899694e-1
8.915159944367177e-1 -5.794499011811657e-1
8.929068150208623e-1 -5.764985872723618e-1
8.94297635605007e-1 -5.735472733635585e-1
8.956884561891516e-1 -5.705959594547545e-1
8.970792767732962e-1 -5.67644645545951e-1
8.984700973574409e-1 -5.646933316371467e-1
8.998609179415855e-1 -5.617420177283434e-1
9.012517385257302e-1 -5.587907038195394e-1
9.026425591098748e-1 -5.558393899107354e-1
9.040333796940194e-1 -5.528880760019317e-1
9.054242002781642e-1 -5.499367620931278e-1
9.068150208623088e-1 -5.469854481843243e-1
9.082058414464534e-1 -5.440341342755203e-1
9.095966620305981e-1 -5.410828203667162e-1
9.109874826147427e-1 -5.381315064579125e-1
9.123783031988874e-1 -5.351801925491088e-1
9.13769123783032e-1 -5.322288786403049e-1
9.151599443671766e-1 -5.292775647315011e-1
9.165507649513213e-1 -5.263262508226975e-1
9.179415855354659e-1 -5.233749369138938e-1
9.193324061196105e-1 -5.2042362300509e-1
9.207232267037552e-1 -5.17472309096286e-1
9.221140472878998e-1 -5.145209951874823e-1
9.235048678720446e-1 -5.115696812786783e-1
9.248956884561892e-1 -5.086183673698744e-1
9.262865090403338e-1 -5.056670534610704e-1
9.276773296244785e-1 -5.027157395522669e-1
9.290681502086231e-1 -4.99764425643463e-1
9.304589707927677e-1 -4.9681311173465936e-1
9.318497913769124e-1 -4.938617978258554e-1
9.33240611961057e-1 -4.909104839170514e-1
9.346314325452016e-1 -4.8795917000824807e-1
9.360222531293463e-1 -4.850078560994439e-1
9.374130737134909e-1 -4.820565421906403e-1
9.388038942976356e-1 -4.7910522828183644e-1
9.401947148817803e-1 -4.7615391437303234e-1
9.415855354659249e-1 -4.7320260046422863e-1
9.429763560500696e-1 -4.7025128655542514e-1
9.443671766342142e-1 -4.6729997264662115e-1
9.457579972183588e-1 -4.643486587378174e-1
9.471488178025035e-1 -4.6139734482901357e-1
9.485396383866481e-1 -4.5844603092020986e-1
9.499304589707928e-1 -4.554947170114059e-1
9.513212795549374e-1 -4.525434031026022e-1
9.52712100139082e-1 -4.495920891937985e-1
9.541029207232267e-1 -4.466407752849948e-1
9.554937413073713e-1 -4.43689461376191e-1
9.568845618915159e-1 -4.407381474673868e-1
9.582753824756607e-1 -4.377868335585831e-1
9.596662030598053e-1 -4.348355196497793e-1
9.6105702364395e-1 -4.318842057409754e-1
9.624478442280946e-1 -4.2893289183217126e-1
9.638386648122392e-1 -4.25981577923368e-1
9.652294853963839e-1 -4.2303026401456384e-1
9.666203059805285e-1 -4.2007895010576013e-1
9.680111265646731e-1 -4.1712763619695653e-1
9.694019471488178e-1 -4.141763222881525e-1
9.707927677329624e-1 -4.112250083793489e-1
9.72183588317107e-1 -4.082736944705452e-1
9.735744089012517e-1 -4.0532238056174114e-1
9.749652294853964e-1 -4.023710666529373e-1
9.763560500695411e-1 -3.994197527441331e-1
9.777468706536857e-1 -3.964684388353296e-1
9.791376912378303e-1 -3.935171249265258e-1
9.80528511821975e-1 -3.9056581101772186e-1
9.819193324061196e-1 -3.8761449710891827e-1
9.833101529902643e-1 -3.8466318320011456e-1
9.847009735744089e-1 -3.8171186929131073e-1
9.860917941585535e-1 -3.787605553825069e-1
9.874826147426982e-1 -3.758092414737032e-1
9.888734353268428e-1 -3.728579275648994e-1
9.902642559109874e-1 -3.6990661365609556e-1
9.916550764951322e-1 -3.669552997472913e-1
9.930458970792768e-1 -3.640039858384876e-1
9.944367176634215e-1 -3.610526719296838e-1
9.958275382475661e-1 -3.5810135802088e-1
9.972183588317107e-1 -3.551500441120762e-1
9.986091794158554e-1 -3.521987302032726e-1
1.0e+0 -3.4924741629446887e-1
